FluX_v_0_0_2/data/geoData/asctoimg/data/houston.asc
ncols         138
nrows         138
xllcorner     -10616447.528911
yllcorner     3471142.5614407
cellsize      30.480060960122
NODATA_value  -9999
[rows 84 to 111 of 138, columns 0 to 62 of 138]
14.79572 14.68392 14.63134 14.52361 14.47145 14.43736 14.43736 13.91941 14.0211 14.11247 14.22382 14.10714 14.02397 14.02397 14.02397 14.01412 13.71917 13.71917 13.72683 13.9965 14.02397 14.02397 14.02397 14.02397 14.02397 14.02397 14.02397 14.02397 14.02397 14.02397 14.02397 14.0883 13.91874 13.71917 13.71917 13.71917 13.71917 13.71917 13.71917 13.76724 13.54871 13.12993 13.12105 12.94598 12.94598 13.08339 13.71917 13.71917 13.77485 13.74486 13.71917 13.71917 13.71917 13.57893 13.71917 13.71917 13.71917 13.67644 13.41436 13.41436 13.38156 13.53202 13.78493
15.15411 14.88209 14.73247 14.67378 14.63358 14.60274 14.60274 14.56973 14.20305 14.30426 14.31172 14.10714 14.02397 14.02397 14.02397 14.01412 14.02397 14.02397 14.02397 14.02397 14.02397 14.02397 14.02397 14.02397 14.02397 14.02397 14.02397 14.02397 14.02397 14.02397 14.02397 14.02397 13.91018 13.71917 13.71917 13.71917 13.71917 13.71917 13.71917 13.75303 13.77011 13.59731 13.60214 13.55803 13.55803 13.71917 13.71917 13.71917 13.77485 13.74486 13.71917 13.71917 13.71917 13.71917 13.71916 13.71917 13.71917 13.71917 13.04982 13.01791 13.01791 13.21061 13.46892
15.26759 15.17375 15.04534 14.93461 14.88712 14.89089 14.56973 14.56973 14.20305 14.30426 14.31172 14.29878 14.18287 14.02397 14.02397 14.02397 14.02397 14.02397 14.02397 14.02397 14.02397 14.02397 14.02397 14.02397 14.02397 14.02397 14.02397 14.02397 14.02397 14.02397 14.02397 14.02397 13.99648 13.82897 13.82136 13.71917 13.71917 13.71917 13.71916 13.71917 13.71917 13.71917 13.71917 13.55803 13.71917 13.71917 13.71917 13.71917 13.71916 13.71917 13.71917 13.71917 13.71917 13.7416 13.86278 13.96077 13.73592 13.71917 13.60012 13.21104 13.21104 13.10956 13.18486
15.48679 15.17375 15.04534 14.93461 14.88712 14.89089 14.62924 14.62924 14.28551 14.30426 14.32877 14.32877 14.30632 14.27675 14.27675 14.0725 14.40519 14.03366 14.04079 14.07739 14.06905 14.02397 14.02397 14.02397 14.02397 14.02397 14.02397 14.02397 14.02397 14.02397 14.02397 14.02397 14.02397 14.04589 14.0655 13.7401 13.72578 13.72578 13.71916 13.71917 13.71917 13.71917 13.71917 13.71917 13.71917 13.71917 13.71917 13.71917 13.71917 13.95247 13.71917 13.6656 13.6656 13.59404 14.00661 14.01411 14.00042 13.9812 14.02893 13.86721 13.86721 13.61033 13.10956
15.48679 15.32817 15.21956 15.07422 14.74194 14.93121 14.92345 14.92345 14.61886 14.36128 14.71356 14.54036 14.33995 14.32877 14.32878 14.32878 14.32878 14.32877 14.23685 14.43964 14.22639 14.02397 14.02397 14.02397 14.02397 14.02397 14.02397 14.02397 14.02397 14.02397 14.02397 14.02397 14.02397 14.04589 14.0655 13.7401 13.72578 13.72578 13.71917 13.71917 13.71917 13.71917 13.71917 13.71917 13.71917 13.71917 13.71917 13.71917 13.71916 13.97538 13.92929 13.91855 13.95107 13.95107 14.02397 14.02397 14.02397 14.02397 14.02397 14.02397 14.02397 13.95131 13.7976
15.54799 15.41743 15.29333 15.20042 15.17365 15.09578 14.93663 14.93663 14.93388 14.61299 14.65318 14.56628 14.46041 14.36717 14.34224 14.34224 14.32878 14.32877 14.32877 14.40087 14.1889 14.02397 14.02397 14.02397 14.02397 14.02397 14.02397 14.02397 14.02397 14.02397 14.02397 14.02397 14.02397 14.02397 14.00126 13.8744 13.8551 13.85775 13.85775 13.767 13.71917 13.71917 13.71917 13.71917 13.71917 13.71917 13.71917 13.71917 13.71917 13.77278 13.92363 14.02397 14.02397 14.02397 14.02397 14.02397 14.02397 14.02397 14.02397 14.02397 14.02397 14.02397 13.98608
15.54799 15.52174 15.49596 15.50245 15.50227 15.23682 15.24018 15.24018 14.94344 14.71467 14.65318 14.63358 14.63358 14.6487 14.75541 14.75541 14.32877 14.32877 14.31885 14.11183 14.02397 14.02397 14.02397 14.02397 14.02397 14.02397 14.02397 14.02397 14.02397 14.02397 14.02397 14.02397 14.02397 14.02397 14.02397 14.02397 14.02397 14.02397 14.02397 13.98168 13.82938 13.71917 13.71917 13.71917 13.71917 13.71917 13.71917 13.71917 13.94149 13.93429 13.97808 14.02397 14.02397 14.02397 14.02397 14.02397 14.02397 14.02397 14.02397 14.02397 14.02397 14.02397 13.98608
15.54799 15.54799 15.54799 15.54877 15.5227 15.24318 15.24319 15.23862 15.23862 14.74212 14.65842 14.66234 14.63358 14.63358 14.61845 14.61845 14.32877 14.32878 14.31885 14.11183 14.02397 14.02397 14.02397 14.02397 14.02397 14.02397 14.02397 14.02397 14.02397 14.02397 14.02397 14.02397 14.02397 14.02397 14.02397 14.02397 14.02397 14.02397 14.02397 14.00844 13.85107 13.71917 13.71917 13.71917 13.74161 13.92661 13.92661 13.94745 14.02397 14.02397 14.02397 14.02397 14.02397 14.02397 14.02397 14.02397 14.02397 14.02397 14.02397 14.02397 14.02397 14.02397 14.02397
15.54799 15.54799 15.54799 15.54799 15.52875 15.24319 15.24319 15.24319 15.24319 15.01571 14.80138 14.66234 14.63358 14.63358 14.61845 14.61845 14.32877 14.32878 14.25639 14.16168 14.08041 14.02397 14.02397 14.02397 14.02397 14.02397 14.02397 14.02397 14.02397 14.02397 14.02397 14.02397 14.02397 14.02397 14.02397 14.02397 14.02397 14.02397 14.02397 13.97806 13.92309 13.9028 13.91278 13.94649 13.95734 14.0066 14.0066 14.02397 14.02397 14.02397 14.02397 14.02397 14.02397 14.02397 14.02397 14.02397 14.02397 14.02397 14.02397 14.02397 14.02397 14.02397 14.02397
15.54799 15.54799 15.54799 15.54799 15.54367 15.5468 15.24467 15.24319 15.24319 15.01571 14.80138 14.66234 14.63358 14.63358 14.6189 14.34112 14.34112 14.32877 14.32877 14.38218 14.23489 14.02397 14.02397 14.02397 14.02397 14.02397 14.02397 14.02397 14.02397 14.02397 14.02397 14.02397 14.02397 14.02397 14.02397 14.02397 14.02397 14.02397 14.02397 14.02397 14.02397 14.02397 14.02397 14.02397 14.02397 14.0066 14.0066 14.02397 14.02397 14.02397 14.02397 14.02397 14.02397 14.02397 14.02397 14.02397 14.02397 14.02397 14.02397 14.02397 14.02397 14.02397 14.05226
15.54799 15.54799 15.54799 15.54799 15.54367 15.5468 15.24467 15.24319 15.24319 15.24319 14.93838 14.82172 14.63358 14.63358 14.61495 14.34676 14.34676 14.32877 14.32877 14.32877 14.24012 14.07851 14.02397 14.02397 14.02397 14.02397 14.02397 14.02397 14.02397 14.02397 14.02397 14.02397 14.02397 14.02397 14.02397 14.02397 14.02397 14.02397 14.02397 14.02397 14.02397 14.02397 14.02397 14.02397 14.02397 14.02397 14.02397 14.02397 14.02397 14.02397 14.02397 14.02397 14.02397 14.02397 14.02397 14.02397 14.02397 14.02397 14.02397 14.02397 14.06874 14.06874 14.2733
15.54799 15.54799 15.54799 15.54799 15.54799 15.54775 15.24764 15.24319 15.24319 15.24319 14.96935 14.83021 14.66513 14.62599 14.59625 14.34227 14.34227 14.32877 14.32877 14.32877 14.32877 14.27056 14.08692 14.02397 14.02397 14.02397 14.02397 14.02397 14.02397 14.02397 14.02397 14.02397 14.02397 14.02397 14.02397 14.02397 14.02397 14.02397 14.02397 14.02397 14.02397 14.02397 14.02397 14.02397 14.02397 14.02397 14.02397 14.02397 14.02397 14.02397 14.02397 14.02397 14.02397 14.02397 14.02397 14.02397 14.02397 14.02397 14.02397 14.02397 14.06567 14.43276 14.43276
15.54799 15.54799 15.54799 15.54799 15.54592 15.54757 15.24857 15.24319 15.24319 15.24319 15.10944 14.86478 14.66513 14.67164 14.32877 14.32877 14.32877 14.32878 14.32877 14.32878 14.32878 14.32877 14.28922 14.09939 14.09939 14.04578 14.02397 14.02397 14.02397 14.02397 14.02397 14.02397 14.02397 14.02397 14.02397 14.02397 14.02397 14.02397 14.02397 14.02397 14.02397 14.02397 14.02397 14.02397 14.02397 14.02397 14.02397 14.02397 14.02397 14.02397 14.02397 14.02397 14.02397 14.02397 14.02397 14.02397 14.02397 14.02397 14.02397 14.02397 14.02397 14.02006 14.02006
15.54799 15.54799 15.54799 15.54799 15.5429 15.24532 15.24318 15.24318 15.24319 15.24319 15.11855 14.93838 14.91164 14.88687 14.35893 14.3431 14.3431 14.32878 14.32877 14.32877 14.32878 14.32877 14.32877 14.27275 14.27275 14.04578 14.02397 14.02397 14.02397 14.02397 14.02397 14.02397 14.02397 14.02397 14.02397 14.02397 14.02397 14.02397 14.02397 14.02397 14.02397 14.02397 14.02397 14.02397 14.02397 14.02397 14.02397 14.02397 14.02397 14.02397 14.02397 14.02397 14.02397 14.02397 14.02397 14.02397 14.02397 14.02397 14.02397 14.02397 14.02397 14.0181 14.02006
15.54799 15.54799 15.54799 15.54262 15.53918 15.24679 15.24319 15.24319 15.24319 15.24319 15.20751 14.93838 14.92795 14.68204 14.63726 14.41585 14.35378 14.35378 14.32877 14.32877 14.32878 14.32877 14.32877 14.27275 14.27275 14.0751 14.02397 14.02397 14.02397 14.02397 14.02397 14.02397 14.02397 14.02397 14.02397 14.02397 14.02397 14.02397 14.02397 14.02397 14.02397 14.02397 14.02397 14.02397 14.02397 14.02397 14.02397 14.02397 14.02397 14.02397 14.02397 14.02397 14.02397 14.02397 14.02397 14.02397 14.02397 14.02397 14.02397 14.02397 14.02397 14.0181 14.0181
15.54799 15.54799 15.54799 15.53433 15.24319 15.24319 15.24319 15.24319 15.24319 15.24319 15.08341 14.93838 14.89506 14.68204 14.63358 14.41585 14.35378 14.35378 14.32877 14.32877 14.32878 14.32878 14.32877 14.27388 14.27388 14.07868 14.02397 14.02397 14.02397 14.02397 14.02397 14.02397 14.02397 14.02397 14.02397 14.02397 14.02397 14.02397 14.02397 14.02397 14.02397 14.02397 14.02397 14.02397 14.02397 14.02397 14.02397 14.02397 14.02397 14.02397 14.02397 14.02397 14.02397 14.02397 14.02397 14.02397 14.02397 14.02397 14.02397 14.02397 14.02397 14.01878 14.01878
15.4886 15.49973 15.49973 15.56069 15.24319 15.24319 15.24319 15.24319 15.24319 15.24319 15.08341 14.93838 14.89506 14.68204 14.63358 14.63358 14.45872 14.45872 14.36951 14.32877 14.32877 14.32877 14.32878 14.30164 14.19741 14.19741 14.06174 14.02397 14.02397 14.02397 14.02397 14.02397 14.02397 14.02397 14.02397 14.02397 14.02397 14.02397 14.02397 14.02397 14.02397 14.02397 14.02397 14.02397 14.02397 14.02397 14.02397 14.02397 14.02397 14.02397 14.02397 14.02397 14.02397 14.02397 14.03989 14.03989 14.07598 14.0626 14.02397 14.02397 14.02397 13.9945 13.72877
15.24319 15.24319 15.24319 15.24319 15.24319 15.24319 15.24319 15.24319 15.24319 15.09086 15.09086 14.93838 14.88787 14.63269 14.6527 14.63358 14.63358 14.63358 14.51116 14.38612 14.32877 14.32877 14.32877 14.32878 14.32877 14.32877 14.10121 14.02397 14.02397 14.02397 14.02397 14.02397 14.02397 14.02397 14.02397 14.02397 14.02397 14.02397 14.02397 14.02397 14.02397 14.02397 14.02397 14.02397 14.02397 14.02397 14.02397 14.02397 14.02397 14.02397 14.02397 14.02397 14.02397 14.02836 14.37133 14.37133 14.42421 14.1685 14.02397 14.02397 14.00828 13.97366 13.71917
15.24319 15.24319 15.24319 15.24319 15.24319 15.24319 15.24319 15.24318 15.20284 15.05996 15.05996 14.93838 14.90936 14.68295 14.68025 14.63358 14.63358 14.63358 14.63358 14.53898 14.32877 14.32878 14.32878 14.32878 14.32877 14.32877 14.23666 14.07626 14.02397 14.02397 14.02397 14.02397 14.02397 14.02397 14.02397 14.02397 14.02397 14.02397 14.02397 14.02397 14.02397 14.02397 14.02397 14.02397 14.02397 14.02397 14.02397 14.02397 14.02397 14.02397 14.02397 14.03935 14.02522 14.02619 14.31434 14.31434 14.08613 14.02397 14.02397 14.02397 13.98131 13.71917 13.71917
15.24319 15.24319 15.24319 15.24319 15.24318 15.24319 15.24319 15.24319 15.07071 14.93838 14.93838 14.93838 14.93839 14.89594 14.68025 14.63312 14.63313 14.63304 14.63304 14.63295 14.42799 14.32828 14.32829 14.3283 14.32831 14.32831 14.32832 14.25052 14.1019 14.02346 14.02345 14.02358 14.02397 14.02397 14.02397 14.02397 14.02397 14.02397 14.02397 14.02397 14.02397 14.02397 14.02397 14.02862 14.31851 14.07165 14.02397 14.02397 14.02397 14.02397 14.02397 14.03935 14.08086 14.32573 14.06457 14.02415 14.02415 14.02424 14.02429 14.0242 13.98387 13.72009 13.71929
15.24192 15.24206 15.24215 15.24215 15.24219 15.24217 15.24214 15.24212 15.07349 14.93735 14.93735 14.93746 14.91169 14.82368 14.65744 14.6326 14.63262 14.63264 14.63264 14.63245 14.58348 14.45737 14.32775 14.32778 14.32781 14.32781 14.32783 14.25052 14.1019 14.02346 14.02345 14.02358 14.02375 14.02375 14.02392 14.02399 14.02398 14.02399 14.02399 14.02399 14.02399 14.02399 14.02402 14.02412 14.03072 14.31065 14.118 14.02423 14.02423 14.07851 14.09157 14.32687 14.33232 14.33289 14.02435 14.02454 14.02454 14.02464 14.02445 14.0243 13.99259 13.76727 13.76223
15.24083 15.24102 15.24114 15.24114 15.24114 15.24112 15.24107 15.18044 15.028 14.93647 14.93647 14.93665 14.87585 14.62431 14.63258 14.632 14.63202 14.63207 14.63207 14.63211 14.63182 14.59021 14.32775 14.32778 14.32781 14.32783 14.32783 14.32781 14.15867 14.02286 14.02314 14.0235 14.02385 14.02385 14.024 14.02399 14.02399 14.024 14.024 14.024 14.02401 14.02401 14.02404 14.02417 14.02441 14.03844 14.32741 14.3771 14.3771 14.42712 14.37768 14.35709 14.60704 14.33466 14.02487 14.02502 14.02502 14.02472 14.02449 14.0243 13.99259 13.76727 13.76223
15.2398 15.23998 15.23998 15.23998 15.24 15.24 15.23999 15.03752 14.93552 14.93579 14.93612 14.93612 14.8951 14.64629 14.63199 14.632 14.63135 14.63207 14.63207 14.63211 14.63182 14.59021 14.47813 14.34313 14.32725 14.32722 14.32722 14.32714 14.24905 14.02265 14.02322 14.02377 14.02402 14.02402 14.02399 14.024 14.024 14.02401 14.02402 14.02403 14.02407 14.02407 14.02416 14.02427 14.02445 14.02477 14.18584 14.457 14.68082 14.68082 14.62954 14.59221 14.60704 14.3099 14.02487 14.02502 14.02502 14.02472 14.02449 14.02448 14.02448 14.02448 14.02448
15.23871 15.23872 15.23873 15.23873 15.23875 15.2388 15.17968 15.00961 14.93504 14.90893 14.85941 14.85941 14.8951 14.64629 14.63199 14.632 14.63135 14.63139 14.63139 14.58372 14.51156 14.48144 14.40248 14.35111 14.20105 14.17035 14.17035 14.15439 14.13809 14.02289 14.02367 14.02403 14.02399 14.024 14.024 14.02401 14.02402 14.02402 14.02405 14.0241 14.02424 14.02424 14.02439 14.02448 14.02454 14.02478 14.18563 14.50847 14.94445 14.68082 14.62954 14.59221 14.60704 14.3099 14.02815 14.02502 14.02502 14.02469 14.02469 14.02469 14.02469 14.02469 14.02469
15.23728 15.23736 15.23737 15.23737 15.23739 15.18238 14.99702 15.00961 14.93504 14.90893 14.85941 14.85941 14.78709 14.63054 14.63091 14.63132 14.63058 14.63063 14.58923 14.58923 14.5402 14.55228 14.53421 14.34609 14.27955 14.25365 14.25365 14.24554 14.2426 14.22947 14.02403 14.02399 14.024 14.02401 14.02401 14.02402 14.02403 14.02404 14.02414 14.02431 14.02451 14.02451 14.02464 14.02472 14.02454 14.02478 14.18563 14.50847 14.94445 14.94445 15.13349 14.83338 14.59243 14.32856 14.0343 14.02493 14.02491 14.02491 14.02492 14.02493 14.02492 13.96117 13.91464
15.23637 15.2358 15.23737 15.23739 15.23739 15.18238 14.99702 14.93427 14.9349 14.90669 14.78553 14.78553 14.62977 14.62946 14.6295 14.63002 14.62902 14.62977 14.62987 14.62987 14.63 14.6302 14.40371 14.33188 14.32309 14.32374 14.32374 14.32546 14.32687 14.32089 14.02397 14.02399 14.024 14.02401 14.02401 14.02403 14.02404 14.02406 14.02439 14.02431 14.02451 14.02464 14.02464 14.02472 14.02481 14.02474 14.02445 14.39047 14.72066 14.72066 15.5452 15.06641 14.84106 14.4295 14.12669 14.02522 14.0252 14.0252 14.02518 14.02519 14.02519 13.95108 13.73693
15.23637 15.2358 15.2359 15.23597 15.23597 14.97837 14.93326 14.93416 14.93467 14.89124 14.77516 14.77516 14.62887 14.62845 14.62826 14.62833 14.62902 14.62792 14.6289 14.6289 14.62906 14.62926 14.35386 14.32308 14.32207 14.32294 14.32559 14.32559 14.32802 14.32881 14.02397 14.02399 14.02401 14.02402 14.02401 14.02403 14.02404 14.02406 14.02439 14.02465 14.02481 14.02491 14.02491 14.02504 14.02494 14.02429 14.02795 14.36747 14.59953 14.59953 14.82258 15.08253 14.88036 14.4295 14.43308 14.02551 14.02554 14.02554 14.02552 14.02549 14.02549 14.02549 13.78794
15.23651 15.23493 15.22276 15.18029 15.18029 14.93218 14.93329 14.93393 14.87947 14.7459 14.62841 14.62801 14.62801 14.62758 14.62711 14.6269 14.62702 14.62556 14.62674 14.62674 14.628 14.5989 14.33516 14.32282 14.32339 14.32439 14.3258 14.3258 14.32785 14.32881 14.02397 14.02399 14.02401 14.02402 14.02402 14.02403 14.02407 14.02419 14.02448 14.025 14.02513 14.02529 14.02529 14.02517 14.02435 14.03991 14.22607 14.26746 14.29746 14.31079 14.31079 14.58066 14.8159 14.65332 14.40139 14.21071 14.02589 14.02589 14.02592 14.02589 14.02584 14.02584 13.87535
