FluX_v_0_0_2/data/geoData/asctoimg/data/houston.asc
ncols         138
nrows         138
xllcorner     -10616447.528911
yllcorner     3471142.5614407
cellsize      30.480060960122
NODATA_value  -9999
[rows 0 to 27 of 138, columns 0 to 62 of 138]
13.30218 15.42738 14.36415 14.53319 14.53319 15.85279 15.85279 15.85279 15.85279 15.85279 15.85279 15.85279 15.85279 15.85279 15.85279 15.85279 15.85279 15.85279 15.85279 15.85279 15.85279 15.85279 15.85279 15.85279 15.85279 15.85279 15.85279 15.85279 15.85279 15.85279 15.85279 15.85279 15.71277 15.54799 15.54799 15.54799 15.54799 15.63086 15.72811 15.31411 15.06981 14.90132 14.90132 14.79408 14.6757 14.76756 14.90355 14.93838 14.93838 14.93838 14.93838 14.93838 14.93838 14.93838 14.93838 14.93838 14.86759 14.86759 14.63358 14.63358 14.63358 14.63358 14.63358
14.66966 15.53081 13.27745 13.93477 13.93477 15.83334 15.85279 15.85279 15.85279 15.85279 15.85279 15.85279 15.85279 15.85279 15.85279 15.85279 15.85279 15.85279 15.85279 15.85279 15.85279 15.85279 15.85279 15.85279 15.85279 15.85279 15.85279 15.85279 15.85279 15.85279 15.85279 15.85279 15.71277 15.59483 15.54799 15.54799 15.488 15.51435 15.53142 15.1776 14.91938 14.72163 14.72163 14.6433 14.7691 14.69777 14.6922 14.81712 14.93838 14.93838 14.93838 14.93838 14.93838 14.93838 14.93838 14.93838 14.66712 14.63358 14.63358 14.63358 14.63358 14.63358 14.63358
15.13031 13.97691 12.45851 11.99923 14.73116 14.73116 15.85279 15.85279 15.85279 15.85279 15.85279 15.85279 15.85279 15.85279 15.85279 15.85279 15.85279 15.85279 15.85279 15.85279 15.85279 15.85279 15.85279 15.85279 15.85279 15.85279 15.85279 15.85279 15.85279 15.85279 15.85279 15.85279 15.85317 15.62287 15.54799 15.54799 15.40015 15.26436 15.24319 15.18544 14.904 14.68931 14.63358 14.63358 14.83262 14.74426 14.63358 14.67538 14.93838 14.93838 14.93838 14.93838 14.93838 14.93838 14.93838 14.93838 14.63358 14.63358 14.63358 14.63358 14.63358 14.63358 14.63358
9.651588 10.44227 10.76999 11.65684 13.34699 13.34699 15.85279 15.85279 15.85279 15.85279 15.85279 15.85279 15.85279 15.85279 15.85279 15.85279 15.85279 15.85279 15.85279 15.85279 15.85279 15.85279 15.85279 15.85279 15.85279 15.85279 15.85279 15.85279 15.85279 15.85279 15.85279 15.85279 15.76612 15.70538 15.61162 15.61162 15.47896 15.34195 15.24319 15.24319 15.08313 14.91003 14.67769 14.67769 14.69062 14.51855 14.50133 14.63358 14.71386 14.93838 14.93838 14.93838 14.93838 14.93838 14.93838 14.93838 14.63358 14.63358 14.63358 14.63358 14.63358 14.63358 14.63358
11.01749 7.214114 9.27537 10.46301 14.81931 14.81931 15.44517 15.85279 15.85279 15.85279 15.85279 15.85279 15.85279 15.85279 15.85279 15.85279 15.85279 15.85279 15.85279 15.85279 15.85279 15.85279 15.85279 15.85279 15.85279 15.85279 15.85279 15.85279 15.85279 15.85279 15.85279 15.85279 15.85279 15.85279 15.7873 15.7873 15.57769 15.34347 15.24319 15.27421 15.25628 15.02372 14.71225 14.71225 14.45499 14.46593 14.57266 14.63358 14.64641 14.93838 14.93838 14.93838 14.93838 14.93838 14.93838 14.93838 14.63358 14.63358 14.63358 14.63358 14.63358 14.63358 14.63358
9.267283 7.12711 9.241479 10.08872 10.89839 10.89839 12.82497 15.85279 15.85279 15.85279 15.85279 15.85279 15.85279 15.85279 15.85279 15.85279 15.85279 15.85279 15.85279 15.85279 15.85279 15.85279 15.85279 15.85279 15.85279 15.85279 15.8528 15.85279 15.85279 15.85279 15.85279 15.85279 15.85279 15.85279 15.76628 15.59661 15.59661 15.4043 15.24319 15.26619 15.28694 14.86874 14.54059 14.54059 14.45499 14.46593 14.57266 14.63358 14.64641 14.67323 14.92691 14.92691 14.93838 14.93838 14.93838 14.93838 14.82694 14.63358 14.63358 14.63358 14.63358 14.63358 14.63358
4.485808 5.284006 9.241479 10.08872 10.89839 10.89839 12.82497 15.85279 15.85279 15.85279 15.85279 15.85279 15.85279 15.85279 15.85279 15.85279 15.85279 15.85279 15.85279 15.85279 15.85279 15.85279 15.85279 15.85279 15.85279 15.85279 15.85279 15.85279 15.85279 15.85279 15.85279 15.85279 15.85279 15.74022 15.60658 15.56872 15.56872 15.46487 15.24319 15.26619 15.28694 14.86874 14.54059 14.54059 14.5228 14.58405 14.63358 14.63358 14.63358 14.63941 14.6467 14.6467 14.91608 14.93838 14.93838 14.81897 14.66182 14.63358 14.63358 14.63358 14.63358 14.63358 14.63358
4.485808 5.284006 9.671545 10.21178 9.183305 11.98532 11.98532 15.82046 15.85279 15.85279 15.85279 15.85279 15.85279 15.85279 15.85279 15.85279 15.85279 15.85279 15.85279 15.85279 15.85279 15.85279 15.85279 15.85279 15.85279 15.85279 15.85279 15.85279 15.85279 15.85279 15.85279 15.85279 15.72226 15.59589 15.60658 15.56872 15.56872 15.46487 15.24319 15.24319 15.1059 14.62769 14.64768 14.63175 14.63175 14.63358 14.63358 14.63358 14.63358 14.63358 14.63358 14.63358 14.70279 14.89474 14.93838 14.81523 14.65906 14.63358 14.63358 14.63358 14.63358 14.63358 14.63358
4.046347 5.270065 9.057889 9.859874 8.622114 11.08861 11.08861 15.54324 15.85279 15.85279 15.85279 15.85279 15.85279 15.85279 15.85279 15.85279 15.85279 15.85279 15.85279 15.85279 15.85279 15.85279 15.85279 15.85279 15.85279 15.85279 15.85279 15.85279 15.81852 15.85279 15.85279 15.85279 15.72226 15.59589 15.54799 15.54799 15.54799 15.4484 15.24319 15.24319 15.20804 15.09245 15.10397 15.0999 15.0999 15.08407 15.08185 15.0437 14.90708 14.92829 14.92506 14.92506 14.91268 14.92215 14.93838 14.91652 14.8863 14.84921 14.63358 14.63358 14.63358 14.63358 14.63358
3.935506 4.881956 8.289746 9.338039 9.798917 11.6769 11.6769 15.08063 15.80381 15.85279 15.85279 15.85279 15.85279 15.85279 15.85279 15.85279 15.85279 15.85279 15.85279 15.85279 15.85279 15.85279 15.85279 15.85279 15.85279 15.85279 15.85279 15.85279 15.81852 15.81852 15.68736 15.67897 15.5871 15.54799 15.45579 15.45068 15.45068 15.46737 15.24319 15.24319 15.24319 15.2213 15.24319 15.24319 15.24319 15.24319 15.16055 14.96107 14.93838 14.93838 14.93838 14.93838 14.93838 14.93838 14.93838 14.93838 14.93838 14.89893 14.63358 14.63358 14.63358 14.63358 14.63358
2.697577 3.696621 7.023655 8.604842 10.04257 11.34926 11.34926 13.14557 15.2328 15.84407 15.84964 15.85279 15.85279 15.85279 15.85279 15.85279 15.85279 15.85279 15.85279 15.85279 15.85279 15.85279 15.85279 15.85279 15.7377 15.79796 15.82964 15.72447 15.65343 15.65343 15.54799 15.54799 15.54799 15.42674 15.30259 15.29721 15.30536 15.30536 15.24319 15.24319 15.24319 15.24319 15.24319 15.0993 15.0993 15.00769 14.97241 14.93838 14.93838 14.93838 14.93838 14.93838 14.93838 14.93838 14.93838 14.89113 14.93838 14.89893 14.63358 14.63358 14.63358 14.63358 14.63358
1.900181 3.122196 5.671675 7.809396 6.912198 7.942761 7.942761 10.2358 14.53605 15.62547 15.74341 15.75483 15.8111 15.85279 15.85279 15.85279 15.85279 15.85279 15.85279 15.85279 15.85279 15.85279 15.85279 15.85279 15.56793 15.48243 15.49487 15.47496 15.83965 15.83965 15.72953 15.4012 15.34565 15.28895 15.24319 15.24319 15.2207 15.2207 15.13703 15.24319 15.24319 14.98669 15.00095 14.97025 14.97025 14.93838 14.93838 14.93838 14.93838 14.93838 14.93838 14.93838 14.93838 14.93838 14.93838 14.89113 14.85644 14.63358 14.63358 14.63358 14.63358 14.63358 14.63358
3.138215 2.904271 2.791926 3.856105 3.943545 4.515668 6.064638 6.064638 12.41805 15.62547 15.74341 15.75483 15.8111 15.85279 15.85279 15.85279 15.85279 15.85279 15.85279 15.82983 15.76687 15.73112 15.73112 15.78459 15.34311 15.24319 15.26198 15.41994 15.63049 15.63049 15.45489 15.28688 15.24319 15.24319 15.19843 15.07174 14.90336 14.90336 14.96941 14.97316 14.96652 14.94987 14.93838 14.93838 14.93838 14.93838 14.93838 14.93838 14.93838 14.93838 14.93838 14.93838 14.93838 14.73716 14.63358 14.63358 14.63358 14.63358 14.63358 14.63358 14.63358 14.63358 14.63358
5.41816 4.010104 3.284295 2.963669 3.943545 4.515668 6.064638 6.064638 12.41805 14.72905 14.83076 15.09127 15.65875 15.85279 15.85279 15.85279 15.85279 15.82036 15.74615 15.71212 15.57767 15.54799 15.54799 15.53077 15.34311 15.18812 15.09918 15.11795 15.08613 15.04161 15.04161 15.21127 15.24319 15.14207 14.94212 14.82674 14.92102 14.92102 14.93838 14.93838 14.93838 14.94987 14.93838 14.93838 14.93838 14.93838 14.90361 14.74922 14.64024 14.63488 14.65089 14.63358 14.63358 14.63358 14.63358 14.63358 14.63358 14.63358 14.63358 14.63358 14.63358 14.63358 14.63358
5.41816 4.010104 3.284295 2.963669 2.688076 2.687086 3.351817 3.351817 8.983563 13.3791 14.20023 14.35056 15.28898 15.7229 15.85279 15.85279 15.85279 15.69894 15.54799 15.54799 15.54799 15.54799 15.54799 15.33865 15.24319 15.11126 14.94499 14.93838 14.93838 14.93838 14.93838 14.98983 15.01734 14.99044 14.7632 14.90812 14.92102 14.92102 14.93838 14.93838 14.93838 14.93838 14.93838 14.93838 14.93838 14.93838 14.88078 14.63768 14.63358 14.63358 14.63358 14.63358 14.63358 14.63358 14.63358 14.63358 14.63358 14.63358 14.63358 14.63358 14.63358 14.63358 14.58467
8.119278 5.829831 3.983854 3.441227 2.993528 2.404469 2.187888 2.187888 3.44245 11.28799 13.09677 13.64277 14.26503 15.11357 15.55888 15.55888 15.68716 15.54799 15.54799 15.54799 15.54799 15.42874 15.42874 15.37148 15.2927 15.04874 14.93838 14.93838 14.93838 14.93838 14.93838 14.98983 15.01734 14.99044 14.7632 14.90812 14.93838 14.93838 14.93838 14.93838 14.93838 14.93838 14.93838 14.93838 14.93838 14.93838 14.8856 14.63358 14.63358 14.63358 14.63358 14.63358 14.63358 14.63358 14.63358 14.63358 14.63358 14.63358 14.63358 14.63358 14.63358 14.59132 14.42805
8.46741 6.169821 4.317297 3.691417 3.269131 2.684444 2.17645 2.17645 2.535341 7.884236 11.64005 12.49255 13.22109 14.07783 14.76438 14.76438 15.18202 15.40369 15.35471 15.38427 15.3877 15.28296 15.30362 15.30362 15.18432 15.04874 14.93838 14.93838 14.93838 14.93838 14.93838 14.93838 14.93838 14.76864 14.89339 14.93838 14.93838 14.93838 14.93838 14.93838 14.93838 14.93838 14.93838 14.93838 14.8817 14.8817 14.65079 14.63358 14.63358 14.63358 14.63358 14.63358 14.63358 14.63358 14.63358 14.63358 14.63358 14.63358 14.63358 14.59851 14.37351 14.37351 14.42805
8.353279 6.452059 4.535469 4.054389 3.708577 3.12519 2.54927 2.546016 2.546016 5.173924 9.718952 11.41086 12.23467 13.25663 14.13599 14.13599 14.57156 14.85653 15.0828 15.2082 15.24318 15.28296 15.30362 15.30362 15.18432 15.04874 14.93838 14.93838 14.93838 14.93838 14.93838 14.93838 14.7884 14.79647 14.93838 14.93838 14.93838 14.93838 14.93838 14.93838 14.93838 14.93838 14.93838 14.84097 14.65479 14.63358 14.63358 14.63358 14.63358 14.63358 14.63358 14.63358 14.63358 14.63358 14.63358 14.63358 14.63358 14.63358 14.63358 14.59851 14.37351 14.37351 14.42805
9.035423 6.192495 5.097954 4.712215 4.319037 3.737675 3.167208 2.994982 2.994982 3.586641 7.024221 10.11747 11.39283 12.59877 13.52088 13.52088 14.57156 14.85653 15.0828 15.2082 15.24318 15.24319 15.12695 15.12695 14.99522 14.93838 14.71151 14.69337 14.68041 14.88267 14.48323 14.48323 14.6045 14.67364 14.69941 14.67636 14.65439 14.64141 14.64141 14.63933 14.65027 14.66471 14.6782 14.63358 14.63358 14.63358 14.63358 14.63358 14.63358 14.63358 14.63358 14.63358 14.63358 14.63358 14.63358 14.63358 14.63358 14.63358 14.63358 14.63358 14.41928 14.41928 14.42601
9.457609 6.704731 5.787693 5.371566 4.947412 4.257908 3.591702 3.283892 3.283892 3.101679 5.948385 10.11747 11.39283 12.59877 13.52088 13.95485 13.95485 14.44406 14.95768 15.01136 15.17869 15.0808 14.95102 14.95102 14.88713 14.87126 14.63358 14.63358 14.63358 14.42108 14.57328 14.57328 14.60359 14.63358 14.63358 14.63358 14.63358 14.63358 14.63358 14.63358 14.63358 14.63358 14.63358 14.66552 14.67991 14.66488 14.66488 14.64367 14.63358 14.63358 14.63358 14.63358 14.63358 14.63358 14.63358 14.63358 14.63358 14.63358 14.63358 14.63358 14.63358 14.63358 14.63358
8.975142 8.975142 6.883846 6.694738 6.318583 5.31945 3.591702 3.283892 3.283892 3.101679 5.948385 9.519567 11.48036 12.41297 13.02707 13.57226 13.57226 14.07977 14.73961 14.86235 15.13193 14.85517 14.59595 14.59595 14.51736 14.49506 14.48841 14.63415 14.12574 14.87006 14.66747 14.66747 14.63358 14.8836 15.11166 14.63358 14.63358 14.63358 14.63358 14.63358 14.63358 14.63358 14.63358 14.66552 14.67991 14.66488 14.66488 14.64367 14.64087 14.65487 14.6796 14.69503 14.70366 14.69983 14.69983 14.66737 14.63358 14.63358 14.63358 14.63358 14.63358 14.63358 14.63358
10.01343 8.975142 6.883846 6.694738 6.318583 5.31945 4.124002 3.581976 3.581976 3.281734 4.795715 7.820223 10.52058 12.27201 13.09702 13.60321 13.60321 14.03434 14.7192 14.77855 15.0439 14.64145 14.37063 14.32878 14.32878 14.32877 14.35389 14.43896 14.45447 14.5607 14.81801 14.81801 14.85984 14.88872 14.89122 14.77704 14.8021 14.85114 14.63358 14.63358 14.63358 14.63358 14.63358 14.63358 15.07509 15.07013 15.07013 15.1106 15.04953 15.05445 15.04519 14.96102 14.93838 14.93838 14.93838 14.91452 14.70702 14.70255 14.72286 14.72262 14.74 14.80614 14.80614
10.01343 10.01343 9.481983 9.049084 8.648286 7.748269 5.755093 3.695142 3.04543 3.04543 3.866001 5.960364 9.568598 12.41853 13.44338 13.81907 13.81907 14.0907 14.16299 14.40313 14.52243 14.44034 14.35663 14.34526 14.34526 14.32877 14.32877 14.68902 15.0068 15.14362 15.16325 15.16325 15.19364 14.88872 14.89122 14.77704 14.8021 14.85114 14.81032 14.81032 14.77063 14.73361 14.73775 14.77195 15.0275 15.0053 15.0245 15.0245 14.95702 14.96795 14.9673 15.00301 15.02634 15.02431 15.02431 15.02795 15.13153 15.11373 15.14563 14.99291 14.93838 15.02778 15.02778
10.96558 10.96558 12.60338 11.8105 11.45684 11.2189 8.375719 3.839623 2.401174 2.401174 2.004811 7.537654 10.74337 12.77423 13.62082 13.66935 13.66935 14.03959 14.02397 14.07557 14.04094 14.24066 14.34101 14.33526 14.33526 14.31785 14.27768 14.68902 15.0068 15.14362 15.16325 15.19364 15.19364 15.15937 15.11592 15.17194 15.20698 14.97914 14.97562 14.97562 15.23826 15.28109 15.32356 15.45288 15.27933 15.27495 15.31843 15.31843 15.52503 15.31238 15.31099 15.33259 15.34564 15.35684 15.35684 15.34654 15.3209 15.31674 15.3201 15.10081 15.05446 15.00823 15.00823
12.03181 14.5656 14.5656 13.76042 13.41832 13.54004 11.10129 6.393278 2.510871 2.510871 1.497059 9.008369 11.48551 12.41145 13.1959 13.70341 14.02397 14.02397 14.02397 14.02397 14.17731 14.16982 14.25075 14.33526 14.33526 14.31785 14.27768 14.68902 14.65588 15.17836 15.24319 15.40432 15.40432 15.48964 15.49403 15.52526 15.54799 15.54799 15.54799 15.54799 15.54799 15.52976 15.69317 15.78229 15.56184 15.56783 15.54799 15.54799 15.54799 15.54799 15.54799 15.54799 15.54799 15.54799 15.54799 15.54799 15.54799 15.54799 15.43132 15.37376 15.05446 15.00823 15.00823
12.23474 13.52194 13.52194 14.03417 13.74674 13.46981 12.56497 9.982969 4.008043 4.008043 1.643065 7.164813 10.14093 11.73907 12.67612 13.51293 13.67579 13.67579 14.02397 14.02397 14.17731 14.16982 14.25075 14.27191 14.27191 14.20399 14.42624 14.70351 15.22504 15.21658 15.43973 15.52168 15.52168 15.54799 15.54799 15.54799 15.54852 15.55377 15.56488 15.5865 15.5865 15.77738 15.82143 15.71888 15.56755 15.90171 15.58848 15.58848 15.58809 15.60866 15.62612 15.63826 15.6431 15.60912 15.54799 15.54799 15.54799 15.54799 15.43132 15.37376 15.29343 15.17253 15.17253
13.04559 13.27925 13.27925 13.39026 13.11763 12.63377 12.67445 11.88492 9.457365 3.136091 3.136091 4.127273 7.721 11.73907 12.67612 13.51293 13.67579 13.67579 13.66838 13.51233 14.05989 14.23388 14.32754 14.43821 14.64653 14.64653 14.93714 15.22408 15.53656 15.27998 15.45837 15.54799 15.54799 15.63792 15.8353 15.8528 15.85279 15.85279 15.85279 15.85279 15.85279 15.83595 15.70079 15.58786 15.63771 15.85279 15.85279 15.85279 15.85279 15.85279 15.62612 15.63826 15.6431 15.60912 15.54799 15.54799 15.54799 15.54799 15.54799 15.54799 15.4444 15.24319 15.25661
13.6034 14.00058 14.00058 13.30433 12.37524 12.28392 12.31313 12.71471 9.457365 3.136091 3.136091 4.127273 7.721 10.53024 11.63418 12.29856 12.63149 12.63149 12.99845 13.5281 14.16565 14.43122 14.65202 14.88128 15.11537 15.11537 15.24376 15.53984 15.53656 15.51193 15.50611 15.6812 15.6812 15.87834 15.85279 15.85279 15.85279 15.85279 15.8528 15.84241 15.84241 15.76499 15.72284 15.74665 15.85279 15.85279 15.85279 15.85279 15.85279 15.85279 15.85279 15.85279 15.85279 15.80998 15.64103 15.64103 15.649 15.65948 15.57986 15.54799 15.54799 15.47111 15.24319
