FluX_v_0_0_2/data/geoData/asctoimg/data/houston.asc
ncols         138
nrows         138
xllcorner     -10616447.528911
yllcorner     3471142.5614407
cellsize      30.480060960122
NODATA_value  -9999
[rows 56 to 83 of 138, columns 0 to 62 of 138]
14.07274 14.01594 14.01851 14.00428 13.36058 13.39197 13.69928 13.88401 13.88401 14.18885 13.81109 13.19992 12.65241 12.78229 13.0786 12.94714 12.94714 12.84467 12.53857 12.20613 12.08839 11.30367 10.1333 10.1333 9.167552 10.04104 10.55106 9.743817 9.402599 9.581353 10.14611 10.14611 10.20208 9.788256 8.090364 6.310867 5.62183 7.999309 7.999309 6.131752 4.409948 11.41236 12.29274 12.49995 12.49995 12.54556 12.85372 13.03231 12.72617 12.58926 12.42057 12.73989 12.60118 13.19055 13.19055 13.45175 13.46603 13.08953 12.14166 11.09074 11.40356 11.40356 11.48281
13.92527 13.92527 13.78414 13.55438 13.36058 13.39197 13.69928 13.88401 13.88401 14.01777 13.8897 13.29329 12.97307 13.2963 13.21672 13.15918 13.15918 13.00155 12.79192 12.66344 12.2532 11.75117 11.53075 11.53075 9.604328 9.256761 9.527984 10.14525 9.810239 9.490195 9.838496 9.838496 10.31959 10.4947 10.37839 9.525607 8.971825 7.999309 8.275936 8.275936 5.265206 11.41236 12.29274 12.49995 12.49995 12.54556 12.54556 12.54349 12.49995 12.49718 12.48931 11.80647 11.5904 12.22425 12.22425 12.65803 12.80733 12.4206 11.42068 10.56871 11.28074 11.28074 11.25836
13.92527 13.92527 13.78414 13.55438 13.24722 13.55542 13.68767 13.71917 13.71917 13.71917 14.04376 13.48333 13.16872 13.34426 13.17942 12.98168 12.98168 12.82745 12.51033 12.47793 12.28816 11.64462 11.25959 10.11795 10.11795 9.229056 9.608717 10.92006 10.54566 9.451572 9.457159 9.457159 11.44818 11.89504 11.83399 11.82139 8.971825 7.999309 8.275936 8.275936 5.265206 5.920281 9.035097 10.73153 12.34098 12.50692 12.50692 12.49995 12.49995 12.49995 12.49094 11.32507 11.7652 11.68218 11.68218 11.924 12.15714 11.79111 10.59703 9.908728 11.21726 11.00106 11.00106
13.92527 13.92527 13.67812 13.43392 13.33894 13.36495 13.51921 13.68844 13.78793 13.78793 13.87782 13.50925 13.17531 12.95504 12.77584 12.31979 12.31979 12.00599 11.90151 11.51139 11.41549 11.30511 10.7877 10.21508 10.21508 9.554926 10.23986 11.57311 11.28596 10.20537 9.72503 9.457159 11.44818 11.89504 11.83399 11.82139 11.57424 10.4035 10.53427 10.53427 7.790293 1.027017 5.211205 9.873451 12.39448 12.75236 12.692 12.692 12.49995 12.49995 12.49995 12.49995 11.63111 10.8552 10.8552 11.05076 11.36273 11.05559 9.990252 9.215562 9.525625 10.69682 10.69682
13.81405 13.81405 13.46961 13.1984 13.09387 13.07052 13.16724 13.43808 13.76229 13.76229 13.85303 13.09421 12.81157 12.79334 12.64148 12.22169 12.22169 11.84074 11.66355 11.59774 11.58586 11.26747 11.02374 10.7687 10.7687 9.763106 10.23986 11.57311 11.28596 10.20537 9.72503 11.49808 11.49808 12.37438 12.44911 12.03173 12.39094 11.52754 11.25827 11.25827 9.899832 1.084589 1.027495 8.77635 12.17753 12.80476 12.80476 12.80476 12.78096 12.50921 12.49967 12.49375 10.11181 10.04874 10.04874 10.51097 10.43444 9.559515 8.027116 7.809648 8.20399 9.098521 9.098521
13.62289 13.62289 12.83075 12.72685 12.66631 12.63199 12.82636 12.98764 13.10031 13.10031 13.16611 12.43169 12.35802 12.44341 12.44481 12.47961 12.10425 12.10425 11.63338 11.50386 11.51869 11.26747 11.02374 10.7687 10.7687 9.763106 10.66107 11.93917 11.13054 8.917289 8.404621 10.99681 10.99681 11.60167 12.3331 12.39918 12.14703 11.27337 11.25827 11.25827 7.96086 3.490079 4.927717 9.627254 12.67152 12.80476 12.80476 12.80476 12.80476 12.80476 12.79835 11.80241 11.20137 10.61847 9.62419 9.62419 7.856695 5.350438 8.027116 7.809648 8.20399 9.098521 9.098521
13.19664 12.80417 12.80417 12.70165 12.27064 12.39981 12.49929 12.4428 12.46037 12.46037 12.54174 11.7761 11.50835 11.56452 11.84926 11.94061 12.10425 12.10425 11.63338 11.50386 11.51869 11.10209 10.81722 10.08247 10.08247 9.052459 9.783639 11.45888 10.40381 8.119126 7.70253 10.5094 10.5094 10.86749 10.99925 12.00802 12.03173 10.92236 10.5506 1.563942 1.563942 3.299248 10.88483 12.20128 12.80476 12.80476 12.80476 12.80476 12.80476 12.80476 12.80476 12.80476 12.41249 10.61847 9.62419 9.62419 7.856695 5.350438 1.044481 1.063986 2.607343 6.477069 6.477069
13.00162 12.85644 12.85644 13.12509 12.64691 12.11168 11.67124 11.62967 11.81533 11.81533 11.9609 11.7761 11.50835 11.56452 11.84926 11.94061 11.56781 11.56781 11.10426 10.71467 10.77537 10.44352 9.881095 8.579546 7.884486 7.884486 8.81137 10.0615 8.873971 8.562362 7.97802 7.838121 7.838121 8.057425 8.350595 10.14442 11.11192 10.94742 8.123651 3.169441 3.169441 13.17604 12.61674 12.94883 12.85401 12.80476 12.80476 12.80476 12.80476 12.80476 12.80476 12.80476 12.41249 10.31893 5.986453 5.986453 3.255969 3.831302 3.007145 2.088035 2.231772 1.222215 2.82575
12.53287 13.13642 13.13642 13.47233 13.37382 12.64722 11.67124 11.62967 11.81533 11.9609 11.9609 11.25983 10.8167 10.6169 10.51511 10.73671 11.0468 11.0468 11.05725 10.84804 10.84357 10.54715 9.755916 8.835406 8.285867 8.285867 8.277863 8.195032 6.617803 6.34067 5.940169 4.335202 4.335202 3.046635 2.624457 3.168322 4.501046 6.214324 1.443032 3.169441 3.169441 12.70501 12.80475 12.94883 12.85401 12.80476 12.80476 12.80476 12.80476 12.80476 12.80476 12.80476 13.36275 5.892061 1.222215 1.222215 2.906043 6.821015 8.818974 8.405 7.879484 4.78949 2.970959
13.20537 13.13642 13.13642 13.47233 13.37382 12.64722 11.75026 11.29287 11.29354 11.58388 11.58388 11.33511 8.895575 6.733182 6.09908 7.857024 9.810802 9.810802 10.4616 11.09469 11.26516 10.17283 9.932347 9.970476 7.867501 7.867501 5.372871 3.87073 3.504769 3.643742 3.714542 3.249055 2.961356 2.961356 2.491527 2.331288 2.244782 1.415651 1.443032 3.169441 3.169441 12.70501 12.80475 12.80476 12.80476 12.80476 12.80476 12.80476 12.80476 12.80476 12.80476 12.80476 12.35739 11.03348 1.222215 1.222215 3.539052 9.631478 11.66873 11.65744 11.91063 11.82371 7.967205
13.20537 13.48239 13.48239 13.47233 14.18774 13.94453 13.12039 11.96582 11.20689 11.12211 11.12211 10.7553 4.288277 2.679891 2.620231 3.984646 5.628428 6.34842 6.34842 5.890295 6.921813 7.675601 7.528401 7.636774 5.447326 5.447326 4.124352 5.937077 7.552854 9.702347 9.706208 8.769363 7.161244 2.961356 2.491527 2.331288 2.244782 1.415651 1.385528 9.299543 9.299543 12.61539 12.78462 12.80476 12.80476 12.80476 12.80476 12.80476 12.80476 12.80476 12.80476 12.69007 11.4197 9.168983 1.209794 3.412753 3.412753 9.548272 10.99884 10.60456 10.77776 10.87628 11.55874
12.49986 13.64683 14.18827 14.18827 13.81138 13.70398 13.17723 12.26168 11.01816 9.043293 9.043293 6.311345 4.180832 6.349554 7.122663 6.782202 5.358344 3.64903 3.64903 4.906768 4.658683 4.028752 3.427547 6.054798 7.272652 7.272652 7.893553 8.712822 7.552854 9.702347 9.706208 8.769363 7.161244 7.161244 6.10614 5.561564 4.735166 1.222215 1.329665 8.357352 11.63555 11.63555 12.63832 12.80476 12.80476 12.80476 12.80476 12.80476 12.80476 12.78143 12.72564 11.49154 10.76884 8.570969 1.975547 2.405488 2.405488 7.46042 10.70331 10.5927 10.81696 11.80087 12.09198
11.12006 12.37814 13.11829 13.11829 11.60648 12.04173 11.76144 11.0247 9.580996 5.618973 5.618973 2.165944 7.106466 9.645068 10.36492 9.915816 8.370728 6.932242 6.932242 6.123904 6.26629 6.065628 6.748817 6.054798 7.272652 7.893553 7.893553 8.712822 9.099477 10.3615 10.74817 10.29878 9.337778 9.337778 8.192701 7.186251 6.120723 1.222215 1.234541 3.463489 11.63555 11.63555 11.97195 12.67834 12.6537 12.55443 12.68196 12.70964 12.70964 12.69814 11.60921 10.54245 9.7421 8.580579 4.798389 1.222215 1.222215 2.96843 10.73152 10.7926 10.81696 11.80087 12.09198
8.8176 9.957633 10.28997 10.28997 11.60648 9.847508 9.807405 9.25666 7.091415 2.637011 2.395472 2.395472 7.302402 10.19739 10.47453 10.50728 10.36857 10.29413 6.932242 6.123904 6.26629 6.065628 6.748817 7.543316 8.49616 8.803022 8.803022 8.730044 9.081834 10.55053 10.94626 10.59294 10.2021 10.2021 9.421117 8.354851 7.182101 6.302902 1.238861 0.9988785 9.200771 9.200771 9.215265 11.43872 11.68875 11.40086 11.77284 11.79774 11.57758 11.57758 10.47439 10.07936 9.355106 8.73658 8.76662 1.222215 1.222215 2.96843 10.73152 10.7926 11.73377 12.78818 12.86337
6.762661 7.874702 8.223497 8.223497 9.007761 7.474569 7.35858 6.210362 3.6119 3.279202 6.947205 6.947205 10.75628 10.19739 10.47453 10.50728 10.36857 10.29413 10.29413 10.01158 9.383532 8.995783 9.337868 9.338054 9.252231 9.15965 9.15965 9.14259 9.801212 11.30095 11.65775 11.29372 10.93107 10.68193 10.68193 9.982265 9.433023 8.730819 5.808292 1.349689 3.336038 3.336038 4.629156 6.935471 8.934121 10.58153 11.57132 11.61146 11.40163 11.40163 10.47439 10.07936 9.355106 8.73658 8.76662 1.222215 1.222215 2.810595 10.32597 12.09021 12.86055 13.08283 13.14699
4.851548 5.78978 5.45866 5.45866 5.824783 5.175683 3.977386 3.710032 3.6119 3.279202 6.947205 6.947205 10.75628 11.8237 11.63641 11.47636 11.6026 12.11866 12.0228 12.0228 11.25504 10.21292 10.47262 10.39779 10.39902 10.6015 10.6015 10.80244 11.29633 12.21846 13.35902 13.46899 13.32136 12.96951 12.96951 12.2003 11.40688 10.66528 6.294023 1.622281 1.419359 1.419359 4.629156 1.560728 3.62016 10.58153 11.57132 11.61146 11.40163 11.40163 10.13831 9.527153 8.967302 8.536235 8.876377 2.91785 2.459693 2.459693 8.907365 12.59966 13.71917 13.52545 13.43768
6.436407 4.186974 2.804725 5.824783 5.824783 5.175683 3.977386 3.710032 5.422315 8.859259 11.41149 11.41149 12.37641 12.5125 12.41843 12.31432 12.37142 12.53677 12.87876 12.87876 12.30529 12.26355 11.82867 11.5342 11.68279 12.35553 12.35553 12.84421 13.63774 13.70454 13.68405 13.70891 13.71917 13.71917 13.71917 13.41751 12.59763 11.65746 10.69853 7.064577 1.419359 4.629156 4.629156 1.560728 3.62016 6.959991 9.677783 11.26276 11.14258 11.14258 10.37048 9.12696 8.228662 7.866838 8.443614 6.59573 1.815576 1.815576 6.259443 11.84014 13.71917 13.71917 13.70244
6.436407 4.186974 2.804725 4.472 4.472 5.175683 6.261026 6.721941 8.525084 10.15828 11.91761 11.91761 12.47578 12.37677 12.23833 12.1404 12.16727 12.52854 12.8285 12.8285 12.79292 12.92853 12.72383 12.56907 12.76963 13.36542 13.68163 13.68163 13.71917 13.71908 13.71917 13.71917 13.71917 13.69666 13.69666 13.41751 12.59763 11.65746 10.69853 7.064577 2.935627 1.902029 1.902029 3.105472 2.188149 1.658827 3.23833 8.332443 9.251082 9.251082 9.69202 9.043759 8.143812 7.674533 8.11799 7.23624 1.222215 1.222215 1.222215 11.08281 13.71917 13.71916 13.71917
9.955531 7.101114 6.462575 7.504763 7.504763 6.221901 10.31054 9.963222 10.06794 10.25383 11.54531 11.96325 11.96325 12.18415 12.60206 12.52982 12.41098 12.88807 13.24639 13.24639 13.26261 13.43359 13.55916 13.52857 13.59796 13.69936 13.71917 13.71917 13.71917 13.71917 13.71917 13.71917 13.71917 13.69666 13.69666 13.42609 12.64615 11.68708 8.592669 11.45112 10.91056 5.043696 5.043696 9.526361 6.477902 2.958722 1.943847 1.222215 3.554212 5.04883 5.04883 5.91913 6.895887 7.503108 7.963494 8.815149 2.57023 2.57023 3.880573 11.61843 13.71917 13.71917 13.71917
11.14999 11.15132 11.12285 10.89607 10.89607 9.730101 11.41737 11.45376 11.28946 11.13998 11.32986 11.66444 11.66444 11.91331 12.79977 12.9907 13.07028 13.56292 13.9143 13.9143 13.70089 13.68776 13.71917 13.71917 13.71917 13.69936 13.71917 13.71917 13.71917 13.71917 13.71917 13.71917 13.71917 13.62528 13.22065 13.22065 12.40227 11.11343 11.0302 12.10195 11.51891 10.9683 10.9683 9.526361 10.15029 8.637687 6.64397 3.493975 1.869009 1.222215 1.222215 2.024043 3.554489 4.705697 6.092004 7.454434 3.984186 3.984186 6.444336 12.2199 13.71917 13.71917 13.71917
11.77761 11.77559 11.77387 11.65043 11.49205 11.49205 11.41737 12.33284 12.28058 12.30279 11.82624 11.99997 11.99997 12.24653 13.09847 13.2782 13.54398 13.72261 13.72484 13.72379 13.70089 13.68776 13.71917 13.71917 13.71917 13.71917 13.71917 13.71917 13.71917 13.71917 13.74385 13.71917 13.71917 13.68699 13.29496 13.29496 12.20396 12.11002 11.74254 12.44062 11.67964 11.25316 11.25316 10.9275 11.09096 11.40382 11.58064 11.35893 5.559099 4.793045 4.793045 3.391369 1.693905 1.228536 2.625706 4.000842 3.267248 6.444336 6.444336 12.2199 13.71917 13.71917 13.71917
12.70509 12.6579 12.54407 12.36371 12.18783 12.18783 12.18675 13.00925 12.9963 12.99713 12.41598 12.15339 12.15339 12.29758 13.18451 13.2782 13.54398 13.72261 13.72484 13.72379 13.72379 13.71917 13.71917 13.71917 13.71917 13.71917 13.71917 13.71917 13.71917 13.71917 14.61464 13.71917 13.71917 13.69917 13.46946 13.46946 12.58986 12.24729 12.13875 12.44141 11.72514 11.38161 11.13471 11.13471 11.28074 11.24997 11.23957 11.38638 11.52764 10.94649 10.94649 8.744783 1.693905 1.228536 2.625706 4.000842 3.267248 7.927525 7.927525 12.55587 13.71917 13.71917 13.71917
13.65103 13.5567 13.34317 13.09863 12.85018 12.85018 12.86174 13.65578 13.58311 13.75831 12.41598 12.15339 12.29758 12.29758 13.18451 13.67134 13.91455 13.7193 13.7192 13.71917 13.71917 13.71917 13.71917 13.81989 13.98629 14.02397 14.01674 13.71985 13.71985 13.72112 13.71917 13.71916 13.71917 13.66034 13.38514 13.38514 12.87112 12.28526 12.15948 12.35441 11.61828 11.46002 11.33392 11.33392 11.28074 11.05928 10.91308 11.38638 11.52764 10.94649 10.94649 8.744783 6.690204 5.125609 3.40695 2.456305 6.800457 9.389183 9.389183 12.84372 13.71917 13.71917 13.71917
14.0112 14.16729 14.12142 13.80413 13.57164 12.85018 12.86174 13.65578 13.58311 13.75831 13.53846 13.60153 12.88287 12.88287 12.38754 13.00906 13.72973 13.71917 13.71917 13.71917 13.71917 13.71917 13.71917 14.02397 14.02397 14.02397 14.02397 14.02397 14.02397 13.73362 13.7246 13.71917 13.71917 13.71917 13.59612 12.82858 12.82858 12.12636 11.95327 11.8695 11.74427 11.4304 11.33392 11.33392 11.28074 11.05928 10.91308 11.02242 11.33451 11.51213 11.6195 11.6195 11.29982 10.32257 8.841074 8.527538 10.65601 12.42366 12.42366 13.35531 13.71917 13.71917 13.71917
14.0112 14.16729 14.12142 13.80413 13.57164 13.57164 13.60638 13.65578 13.94039 13.75403 13.73173 13.75926 13.54598 13.54598 13.10366 12.82184 13.71917 13.71917 13.71917 13.71917 13.71917 13.71917 13.8976 14.02397 14.02397 14.02397 14.02397 14.02397 14.02397 13.86868 13.73374 13.71917 13.71917 13.71917 13.71916 13.56985 13.56985 12.12636 11.95327 11.8695 11.74427 11.4304 11.08232 11.08232 10.99766 11.0473 11.21215 11.316 11.40896 11.26654 11.3857 11.3857 11.444 11.89547 12.79736 13.09529 13.26874 13.59527 13.59527 13.71917 13.71917 13.71917 13.71917
14.71113 14.7207 14.68315 14.33742 14.02522 13.9462 13.9462 14.05443 13.75148 13.72994 13.71917 13.71917 13.54497 13.54497 13.43761 13.6196 13.05856 13.71663 13.71917 13.71917 13.96701 13.96701 14.02397 14.02397 14.02397 14.02397 14.01869 14.01193 14.01193 13.72802 13.71917 13.71917 13.71917 13.71917 13.71916 13.56985 13.56985 12.35511 11.99194 12.07535 11.83056 11.16778 10.66423 10.72368 10.72368 11.79037 12.00216 12.18804 12.34826 11.81927 11.594 11.594 12.14733 13.23996 13.71917 13.71917 13.8072 13.63585 13.67057 13.67057 13.71917 13.71917 13.71917
14.82339 14.70159 14.63188 14.32071 13.96714 13.8918 13.8918 13.7619 13.95157 13.73871 13.71917 13.78701 13.64035 13.64035 13.55775 13.71917 13.71222 13.71854 13.71917 13.73234 13.96656 13.96656 14.02397 14.02397 14.02397 14.02397 14.01869 14.01193 13.72802 13.72802 13.71917 13.71917 13.71917 13.71917 13.71917 13.64787 13.64787 12.97341 12.8323 12.68589 12.41627 11.50005 11.38276 11.46068 11.46068 11.79037 12.68649 12.97782 13.16735 12.85365 12.86498 12.86498 13.15126 13.41738 13.71917 13.71917 13.75507 13.67043 13.46191 13.46191 13.63613 13.61135 13.55723
14.62368 14.54252 14.50401 14.24603 13.92575 13.88524 13.88524 13.99546 13.95157 14.00052 13.97366 13.97961 13.95593 13.954 13.954 13.96178 13.71917 13.71917 13.72683 13.9965 14.02397 13.96656 14.02397 14.02397 14.02397 14.02397 14.01154 13.52969 13.73495 13.73495 13.77329 13.80876 13.71917 13.71917 13.71917 13.71917 13.71917 13.71917 13.4171 13.3063 12.92804 12.3018 12.23424 12.1679 12.1679 12.34184 13.34267 13.49462 13.71245 13.5557 13.62624 13.61388 13.61388 13.57893 13.71917 13.71917 13.71917 13.67644 13.46191 13.46191 13.63613 13.61135 13.55723
