FluX_v_0_0_2/data/geoData/asctoimg/data/houston.asc
ncols         138
nrows         138
xllcorner     -10616447.528911
yllcorner     3471142.5614407
cellsize      30.480060960122
NODATA_value  -9999
[rows 0 to 27 of 138, columns 63 to 125 of 138]
14.63358 14.63358 14.63358 14.78091 14.92235 14.89752 14.70712 15.24319 15.24319 15.24319 15.02127 15.17452 15.24319 15.24319 15.24319 15.19959 14.93838 14.93838 14.93838 14.93838 14.93838 14.93838 14.8888 14.76992 14.63358 14.63358 14.63358 14.63358 14.63358 14.63358 14.63358 14.63358 14.63358 14.63358 14.63358 14.63358 14.66098 14.34235 14.64207 14.83351 14.83351 14.93838 14.83803 14.32877 14.30935 14.20657 14.84899 14.84899 14.92383 14.93027 14.5388 14.36499 14.3034 14.2581 14.02397 14.02397 14.02397 14.02397 14.31491 14.09092 14.02397 14.02397 14.02397
14.63358 14.80265 14.63358 14.78091 14.92235 14.89752 14.70712 15.24126 15.2404 15.24319 15.24319 15.24319 15.24319 15.24319 15.24319 15.20037 14.93838 14.93838 14.93838 14.93838 14.93838 14.93838 14.79991 14.63358 14.63358 14.63358 14.63358 14.63358 14.63358 14.63358 14.63358 14.55681 14.55681 14.46197 14.45267 14.43932 14.4005 14.28085 14.64207 14.83351 14.83351 14.93838 14.83803 14.61943 14.36689 14.87272 14.91357 14.68546 14.68546 14.4618 14.37487 14.32878 14.32877 14.03708 14.02397 14.02397 14.02397 14.28444 14.0541 14.01428 14.02397 14.00423 13.99251
14.63358 14.80265 14.80265 14.91165 14.86054 14.63358 14.64387 14.94899 15.22258 15.23265 15.23265 15.24319 15.24319 15.24319 15.2219 15.16913 14.93838 14.93838 14.93838 14.93838 14.93838 14.88182 14.74348 14.63358 14.63358 14.63358 14.63358 14.61002 14.48835 14.5817 14.63358 14.55681 14.32878 14.46197 14.45267 14.43932 14.4005 14.28085 14.67587 14.7056 14.7056 14.63097 14.58872 14.42174 15.10801 14.93838 14.93838 14.26199 14.26199 14.17069 14.15746 14.24439 14.27719 14.02397 14.02765 14.02765 14.39195 14.04214 13.87088 13.98862 14.02397 13.92491 13.71917
14.63358 14.78972 14.78547 14.78547 14.63358 14.63358 14.64 14.95066 14.97084 15.16464 15.16464 15.24319 15.24319 15.21454 15.1435 14.93838 14.93838 14.93838 14.93838 14.93838 14.84018 14.73002 14.63358 14.63358 14.63358 14.63358 14.60657 14.52365 14.48835 14.5817 14.63358 14.55681 14.32878 14.32878 14.32877 14.29213 14.29932 14.32877 14.41112 14.58692 14.58692 14.73575 14.80244 14.76149 14.92045 14.92558 14.56019 14.58127 14.58127 14.32413 14.28022 14.30834 14.30621 14.03319 14.28518 14.02635 14.02635 14.02397 14.02397 14.02397 13.99526 13.8754 13.71917
14.63358 14.63358 14.63358 14.63358 14.63358 14.63358 14.63358 14.63358 14.70945 14.91443 14.91443 15.20809 15.24319 15.15835 14.93838 14.93838 14.93838 14.93838 14.93838 14.93838 14.6491 14.63358 14.63358 14.63358 14.63358 14.63358 14.60657 14.52365 14.32877 14.42507 14.47144 14.40162 14.32877 14.32877 14.27762 14.0759 14.30832 14.32877 14.32877 14.38837 14.56566 14.56566 14.81314 15.28447 16.17178 14.9835 14.48802 14.55033 14.55033 14.39205 14.3261 14.2147 14.03562 14.23889 14.02397 14.02397 14.02397 14.02397 14.00411 13.97174 13.99526 13.8754 13.71917
14.63358 14.63358 14.61164 14.61164 14.61243 14.63358 14.63358 14.63358 14.63358 14.87715 14.87715 14.87763 15.19114 15.11124 14.93838 14.93838 14.93838 14.93838 14.93838 14.93838 14.6491 14.63358 14.63358 14.63358 14.63358 14.57795 14.57795 14.38237 14.22862 14.17312 14.1562 14.22395 14.12957 14.12957 14.12151 14.26457 14.32877 14.32877 14.16485 14.12904 14.45778 14.45778 14.96004 15.23632 15.32799 15.03187 14.80313 14.37784 14.37784 14.32206 14.16237 14.04718 14.0789 14.27275 14.02319 14.02397 14.02397 14.02397 14.00411 13.97174 13.83716 13.71917 13.71916
14.63358 14.63358 14.57793 14.57793 14.3885 14.63358 14.63358 14.63358 14.63358 14.82714 14.57583 14.57583 14.96872 15.11124 14.93838 14.93838 14.93838 14.93838 14.93838 14.86829 14.63358 14.63358 14.63358 14.63358 14.63358 14.57975 14.57975 14.38392 14.32877 14.0343 14.02397 14.074 14.12957 14.12957 14.08513 14.32935 14.32882 14.1157 14.0554 14.34132 14.66533 14.66533 14.81125 14.92313 14.75764 14.81948 14.62813 14.20544 14.1339 14.1339 14.16237 14.04718 14.0789 14.27275 14.02319 14.01775 14.01775 14.00006 13.76127 13.71917 13.71917 13.71917 13.71917
14.63358 14.63358 14.63358 14.63358 14.63358 14.63358 14.63358 14.63358 14.63358 14.82714 14.57583 14.57583 14.96872 14.87699 14.93838 14.93838 14.93838 14.86598 14.86598 14.67677 14.63358 14.63358 14.63358 14.63358 14.60229 14.44266 14.44266 14.35563 14.32877 14.02397 14.02397 14.02397 14.02397 14.01367 14.01367 13.84152 14.05512 14.04258 14.25633 14.55145 14.72884 14.72884 14.58718 14.11159 14.44572 14.81948 14.62813 14.20544 14.1339 14.1339 13.97738 14.02584 14.35694 13.71917 13.71917 13.71917 13.71917 13.71917 13.71917 13.71917 13.71917 13.71917 13.71917
14.63358 14.63358 14.63358 14.63358 14.63358 14.63358 14.63358 14.63358 14.63358 14.63358 14.61447 14.61447 14.70935 14.63563 14.86252 14.93601 14.92985 14.69479 14.63358 14.63358 14.63358 14.63358 14.63358 14.5938 14.43224 14.35182 14.35182 14.32877 14.3391 14.02397 14.02397 14.02397 14.02397 13.7573 13.7573 13.73075 13.74505 13.99815 14.28395 14.4439 14.72884 14.72884 14.58718 14.11159 14.44572 14.36351 14.82716 14.45814 14.01531 14.01531 14.43134 14.58435 13.71917 13.71917 13.71917 13.71917 13.71917 13.71917 13.71917 13.75366 13.75521 13.71917 13.73479
14.63358 14.63358 14.63358 14.62066 14.62066 14.60217 14.5978 14.58335 14.5655 14.54661 14.51933 14.51933 14.7167 14.55877 14.54418 14.75745 14.79029 14.67006 14.63358 14.63358 14.63358 14.63358 14.58198 14.42485 14.32877 14.32877 14.32877 14.18816 14.13612 14.02397 14.02397 14.02397 13.98134 13.7573 13.7573 13.73075 13.74505 13.99815 14.28395 14.4439 14.36707 14.08193 14.08193 14.06287 14.39223 14.32693 14.99832 14.48531 14.70358 14.70358 14.68465 14.30132 13.71917 13.71917 13.71916 13.71917 13.71917 13.71917 13.71917 13.87414 13.92495 13.7544 13.75897
14.63358 14.63358 14.63358 14.56846 14.56846 14.32877 14.32877 14.32877 14.32877 14.32878 14.33643 14.54607 14.54607 14.48751 14.32877 14.36002 14.50504 14.60605 14.63358 14.63358 14.63358 14.57409 14.41895 14.32877 14.32877 14.32877 14.09323 14.09323 14.02912 14.02397 14.02397 14.02397 13.98134 13.7573 13.7573 13.71916 13.71917 13.74565 14.26214 14.25522 14.06233 14.02397 14.02397 14.03611 14.07832 14.3213 14.9605 14.86243 14.66259 14.66259 14.21113 13.73526 13.71917 13.71917 13.71916 13.71917 13.71917 13.71917 13.71917 13.82298 13.92733 13.86262 13.67599
14.63358 14.60162 14.57004 14.53249 14.53249 14.32878 14.32877 14.32877 14.32877 14.32877 14.32878 14.48112 14.48112 14.32877 14.32878 14.32877 14.45164 14.59809 14.63358 14.63358 14.63358 14.41024 14.32878 14.32878 14.32877 14.32877 14.09323 14.09323 14.02912 14.02397 14.02397 14.02397 13.96365 13.71917 13.71917 13.71917 13.71917 13.71917 14.06983 14.06034 14.02397 14.02397 14.02397 14.02857 14.11374 14.07814 14.1817 14.24314 14.23279 14.17207 14.17207 13.98226 13.71917 13.71917 13.71917 13.71917 13.71917 13.71917 13.71917 13.763 13.76936 13.67809 13.67599
14.63358 14.52018 14.34626 14.32877 14.32877 14.32877 14.32877 14.32877 14.32878 14.32877 14.32877 14.40256 14.40256 14.32878 14.35615 14.44655 14.60067 14.63358 14.63358 14.54032 14.63358 14.41024 14.32878 14.32878 14.32877 14.32877 14.08091 14.08091 14.02397 14.02397 14.02397 14.02397 13.97389 13.71916 13.71917 13.71917 13.71917 13.71917 13.93177 14.02397 14.02397 13.97796 13.97796 13.54883 13.81094 13.71985 14.12841 13.76713 13.71917 13.81521 13.81521 13.95023 13.71917 13.71917 13.71917 13.71917 13.7639 13.71917 13.71917 13.763 13.76936 13.67809 13.53557
14.63358 14.51883 14.32877 14.32877 14.32877 14.32877 14.32877 14.32878 14.32877 14.32878 14.32877 14.39291 14.39291 14.35181 14.50036 14.44655 14.60067 14.63358 14.63358 14.54032 14.54032 14.39959 14.32877 14.32878 14.30546 14.1228 14.04705 14.04705 14.02397 14.02397 14.02397 14.02397 13.98271 13.71917 13.71917 13.71917 13.71917 13.71917 13.71917 14.02397 13.97138 13.71434 13.71434 13.71862 13.80372 13.72003 13.71917 13.69159 13.66353 13.67018 13.67018 13.68776 13.71917 13.71917 13.71917 13.71917 13.7639 13.75953 13.75953 13.82257 13.8838 13.71916 13.74679
14.57895 14.47449 14.32878 14.32877 14.32877 14.32877 14.32877 14.32878 14.32877 14.32877 14.32877 14.39291 14.39291 14.35181 14.50036 14.60659 14.63358 14.63358 14.52152 14.3912 14.3912 14.32877 14.32878 14.32877 14.32878 14.06875 14.02397 14.02397 14.02397 14.02397 14.02397 14.02397 13.99112 13.71917 13.71917 13.71917 13.71917 13.71917 13.71917 13.86771 14.07198 13.98989 13.71917 13.71917 13.71917 13.72074 13.72174 13.69159 13.66353 13.67018 13.67018 13.68776 13.70885 13.71917 13.71917 13.71917 13.89423 13.79144 13.79144 13.66261 13.6791 13.71917 13.6985
14.41374 14.32878 14.32877 14.32877 14.32877 14.32877 14.32877 14.32878 14.32877 14.32877 14.32878 14.41018 14.53545 14.53545 14.63358 14.63358 14.63358 14.5022 14.37813 14.32877 14.32877 14.32877 14.32877 14.30388 14.10085 14.04007 14.02397 14.02397 14.02397 14.02397 14.02397 13.9904 13.735 13.71917 13.71917 13.71917 13.71917 13.71917 13.71917 13.73115 13.7116 13.6616 13.71917 13.71917 13.71917 13.72074 13.72174 13.569 13.49837 13.5127 13.5127 13.5292 13.56924 13.69327 13.70657 13.71917 13.71917 13.65752 13.65752 13.59347 13.6096 13.71917 13.69108
14.41374 14.32878 14.32877 14.32877 14.32877 14.32877 14.32878 14.32878 14.32877 14.32877 14.32878 14.43064 14.63358 14.63358 14.51444 14.6095 14.48884 14.36932 14.32877 14.32877 14.32877 14.32878 14.08751 14.06266 14.24604 14.04662 14.02397 14.02397 14.02397 14.02397 14.02397 13.9827 13.71917 13.71917 13.71917 13.71917 13.71917 13.71917 13.71917 13.73115 13.7116 13.6616 13.71785 13.71785 13.71889 13.80345 13.7303 13.73244 13.71917 13.74056 13.77316 13.77316 13.77244 13.35564 13.65506 13.6403 13.80831 13.71144 13.71144 13.66118 13.74838 13.79825 13.78798
14.42628 14.38651 14.32878 14.32877 14.32877 14.32877 14.32877 14.32878 14.32877 14.32877 14.39229 14.53206 14.63358 14.63358 14.5577 14.45028 14.36222 14.32877 14.32877 14.32878 14.32877 14.32877 14.20978 14.28896 14.31271 14.06326 14.02397 14.02397 14.02397 14.02397 14.02397 14.00125 13.71917 13.71917 13.71917 13.71917 13.71917 13.71917 13.87092 13.41811 13.40159 13.30601 13.58876 13.58876 13.73433 13.74245 13.75176 13.81836 13.71917 13.76501 13.92738 13.92738 13.94539 13.41436 13.41436 13.29503 13.92667 13.71556 13.71556 13.59487 13.75897 13.89751 13.92345
14.63358 14.57681 14.40146 14.32877 14.32878 14.32878 14.32878 14.32878 14.32877 14.40248 14.54806 14.63358 14.63358 14.63358 14.6053 14.354 14.32878 14.32877 14.32877 14.32878 14.20202 14.20202 13.86235 14.32877 14.32878 14.06391 14.02397 14.02397 14.02397 14.02397 14.02397 14.00125 13.84551 13.71917 13.71917 13.71917 13.71917 13.93794 13.80404 13.59112 13.41436 13.40857 13.31355 13.31355 13.7879 13.54969 13.77377 13.87891 13.68791 13.67927 13.7279 13.7279 13.74206 13.402 13.40868 13.41436 13.67639 13.68317 13.71917 13.71917 13.71917 13.74908 13.84601
14.63358 14.63358 14.60895 14.45433 14.36245 14.32878 14.32878 14.32877 14.5402 14.69563 14.65807 14.63358 14.60932 14.60932 14.45696 14.32878 14.32878 14.23467 14.26691 14.18206 13.95505 13.95505 13.86235 14.32877 14.32878 14.06391 14.02397 14.02397 14.02397 14.02397 14.02397 13.73551 13.72113 13.71943 13.71917 13.71917 13.71917 13.71917 13.71917 13.59926 13.41436 13.41615 13.33689 13.83626 13.83626 13.58678 13.77343 13.87283 13.65111 13.54353 13.74596 13.74596 13.76199 13.49804 13.53085 13.49151 13.5602 13.6002 13.61388 13.71917 13.71917 13.74908 13.84601
14.63358 14.88128 14.90474 14.9269 14.75974 14.77597 14.77597 14.65891 14.83957 14.92013 14.8247 14.7681 14.61312 14.52602 14.52602 14.32877 14.32878 14.23467 14.26691 14.18206 13.95505 13.95505 14.25208 14.32878 14.32877 14.06511 14.02397 14.02397 13.93715 13.93715 13.80981 13.74077 13.71917 13.71917 13.71917 13.71917 13.71917 13.71917 13.70068 13.57953 13.41436 13.42905 13.71917 13.71917 13.71917 13.34094 13.61223 13.71917 13.75268 13.76781 13.7611 13.7611 14.06067 14.01548 13.53085 13.49151 13.5602 13.6002 13.61388 13.61388 13.63027 13.73882 13.80717
14.87706 15.13084 15.14125 15.28793 15.84211 15.45686 15.45686 14.95145 14.93838 14.93838 14.88421 14.71615 14.61312 14.52602 14.52602 14.32877 14.32878 14.2936 14.17503 14.10169 14.2509 14.2509 14.32878 14.32877 14.28534 14.06337 14.02397 14.02397 13.90019 13.90019 13.72452 13.71917 13.71917 13.71917 13.71917 13.71132 13.71937 13.71937 13.57387 13.41436 13.41436 13.43136 13.70282 13.71917 13.71917 13.37488 13.59107 13.71917 13.79648 13.76781 13.7611 14.06067 14.06067 14.01548 13.89706 13.68243 13.6882 13.66237 13.53121 13.53121 13.45496 13.63577 13.92207
15.12601 14.93838 14.93838 15.10142 15.63523 15.26837 15.26837 14.95145 14.93838 14.93838 14.88421 14.71615 14.5812 14.38134 14.38134 14.32877 14.32877 14.18834 14.19378 14.24596 14.12434 14.32878 14.32878 14.31703 14.04493 14.03573 14.02397 13.87453 13.7478 13.7478 13.71917 13.71917 13.71917 13.71917 13.71917 13.59536 13.69286 13.69286 13.41436 13.41436 13.41436 13.42436 13.67521 13.70671 13.71917 13.37488 13.59107 13.71917 13.79648 13.89562 13.71917 13.74234 13.74234 13.912 13.82962 13.74092 13.71917 13.71917 13.64393 13.64393 13.43356 13.335 13.44651
14.93838 14.93838 14.93838 15.10142 15.63523 15.26837 14.93838 14.93838 14.93838 14.83227 14.57747 14.42365 14.37631 14.34247 14.34247 14.32878 14.16094 14.06095 14.07079 14.07152 14.04253 14.05153 14.05153 14.03425 14.02397 14.02397 14.02397 13.85494 13.71917 13.71917 13.71917 13.71917 13.71917 13.71917 13.71917 13.4788 13.41436 13.41436 13.41436 13.41436 13.41436 13.42436 13.67521 13.70671 13.28082 13.28082 13.63953 13.80889 13.71917 13.71917 13.71917 13.71917 13.71917 13.71917 13.71917 13.71916 13.71916 13.71917 13.69311 13.5718 13.5718 13.3295 13.16845
14.93838 14.93838 14.93838 14.97444 15.13695 14.99071 14.93838 14.93838 14.89098 14.76153 14.57157 14.32878 14.32877 14.32878 14.32878 14.32878 14.39745 14.19074 14.02397 14.02397 14.02397 14.02397 14.02397 14.02397 14.02397 14.02397 14.02397 13.86556 13.71917 13.71917 13.71917 13.71917 13.71917 13.71917 13.71917 13.4788 13.41436 13.41436 13.41436 13.41436 13.41436 13.44626 13.46132 13.9656 13.37303 13.37303 13.85737 14.00374 13.71917 13.79021 13.71917 13.71917 13.71917 13.71917 13.71917 13.71917 13.71917 13.71917 13.71917 13.69751 13.69751 13.57043 13.30385
15.09872 15.08251 15.00677 15.15307 15.24697 15.17423 14.99323 14.99323 14.82133 14.67615 14.57438 14.32878 14.32877 14.32878 14.172 14.172 14.35013 14.18991 14.02397 14.02397 14.02397 14.02397 14.02397 14.02397 14.02397 14.02397 13.85258 13.74504 13.71917 13.71917 13.71917 13.71917 13.71917 13.71917 13.71917 13.48971 13.41436 13.41436 13.41436 13.41436 13.44715 13.63383 14.64102 15.10067 13.38167 13.38167 13.58339 13.91024 13.71917 13.76821 13.71917 13.71917 13.71917 13.71917 13.71917 13.71917 13.68548 13.70733 13.6356 13.72232 13.72232 13.64558 13.22937
15.25661 15.20887 15.17241 15.22631 15.24319 15.24319 15.03797 15.03797 14.89031 14.77997 14.52385 14.2937 14.31147 14.06202 14.27871 14.27871 14.32877 14.19848 14.05812 14.02397 14.02397 14.02397 14.02397 14.02397 14.02397 14.02397 13.85258 13.74504 13.71917 13.71917 13.71917 13.72203 13.7218 13.72438 13.71917 13.50033 13.41436 13.41436 13.41436 13.47775 13.53556 14.752 14.87274 14.95047 13.54534 13.54534 13.46707 13.65446 13.62709 13.64407 13.61531 13.65055 13.70585 13.70585 13.71917 13.71917 13.57838 13.47698 13.56271 13.55132 13.72232 13.64558 13.22937
15.24319 15.21894 15.17241 15.24319 15.24319 15.01241 15.09375 15.09375 15.15102 15.13074 15.05131 14.85623 14.60556 14.62862 14.4006 14.4006 14.43652 14.30383 14.05812 14.02397 14.02397 14.02397 14.02397 14.02397 14.02397 14.02397 13.83165 13.73605 13.71917 13.71917 13.71917 13.73011 13.87269 13.74508 13.72331 13.51037 13.41436 13.44794 13.44794 13.47775 13.73712 14.00557 14.68508 14.31366 13.84289 13.84289 13.52536 13.41436 13.44355 13.48149 13.42453 13.46532 13.66314 13.66314 13.71917 13.71917 13.57838 13.47698 13.56271 13.55132 13.29593 13.29593 13.13708
